20 20
3 5 7 2 9 4 6 8 1 10 12 14 16 18 20 22 24 26 28 30
1 4 2 5 3 6 7 8 9 10 11 12 13 14 15 16 17 18 19 20
9 8 7 6 5 4 3 2 1 0 11 22 33 44 55 66 77 88 99 10
2 3 5 7 11 13 17 19 23 29 31 37 41 43 47 53 59 61 67 71
10 9 8 7 6 5 4 3 2 1 0 12 14 16 18 20 22 24 26 28
5 10 15 20 25 30 35 40 45 50 55 60 65 70 75 80 85 90 95 100
8 6 7 5 3 0 9 4 2 1 11 13 17 19 23 29 31 37 41 43
4 8 12 16 20 24 28 32 36 40 44 48 52 56 60 64 68 72 76 80
1 1 2 3 5 8 13 21 34 55 89 144 233 377 610 987 1597 2584 4181 6765
20 19 18 17 16 15 14 13 12 11 10 9 8 7 6 5 4 3 2 1
3 6 9 12 15 18 21 24 27 30 33 36 39 42 45 48 51 54 57 60
7 14 21 28 35 42 49 56 63 70 77 84 91 98 105 112 119 126 133 140
11 22 33 44 55 66 77 88 99 110 121 132 143 154 165 176 187 198 209 220
2 4 6 8 10 12 14 16 18 20 22 24 26 28 30 32 34 36 38 40
13 17 19 23 29 31 37 41 43 47 53 59 61 67 71 73 79 83 89 97
100 90 80 70 60 50 40 30 20 10 9 8 7 6 5 4 3 2 1 0
6 12 18 24 30 36 42 48 54 60 66 72 78 84 90 96 102 108 114 120
9 18 27 36 45 54 63 72 81 90 99 108 117 126 135 144 153 162 171 180
15 14 13 12 11 10 9 8 7 6 5 4 3 2 1 0 1 2 3 4
21 22 23 24 25 26 27 28 29 30 31 32 33 34 35 36 37 38 39 40
20
5 3 7 2 9 4 6 8 1 10 12 14 16 18 20 22 24 26 28 30
